xyz = [ 
-1.07229 	 4.05058 	 -0.196721;
1.41656 	 3.64776 	 -0.0644776;
-2.44794 	 1.93357 	 -0.205622;
% -0.833069 	 -0.0945999 	 -0.0425378;
% 1.83035 	 1.08401 	 -0.00275901;
% 2.93057 	 0.522321 	 -1.70104
% 2.8667 	 0.557433 	 1.74585;
% -1.2216 	 -1.14387 	 1.7346;
% -1.07994 	 -1.35501 	 -1.70367;
-2.00287 	 6.15697 	 -0.299843]
