xyz_a0 = [1.09105 -0.00010901 4.28633e-05;
0.460618 5.82094e-05 -2.6988e-05;
0.0406243 -0.583412 0.0364565;
-0.701428 -0.405154 -0.0401232;
-0.70127 0.405258 0.0401497;
0.0408169 0.583351 -0.0365301;
-0.873747 -0.579743 -0.554482;
-0.990244 -0.67681 0.367541;
-0.989997 0.677143 -0.367394;
-0.87343 0.579801 0.554582]